sharing  nt    rt             ops   rel
-------  --    --             ---   ---
     0%   1  2.00   1,021,970,000  1.00
     0%   2  2.00      23,530,000  0.02
     0%   4  2.00     146,030,000  0.14
     0%   8  2.00     105,140,000  0.10
     0%  16  2.07      41,440,000  0.04
    25%   1  2.00   1,273,950,000  1.25
    25%   2  2.00      33,050,000  0.03
    25%   4  2.00     138,820,000  0.14
    25%   8  2.01      95,840,000  0.09
    25%  16  2.04      48,250,000  0.05
    50%   1  2.00   1,474,270,000  1.44
    50%   2  2.00      52,300,000  0.05
    50%   4  2.00     140,270,000  0.14
    50%   8  2.00      98,510,000  0.10
    50%  16  2.03      49,180,000  0.05
    75%   1  2.00   1,270,110,000  1.24
    75%   2  2.00      29,440,000  0.03
    75%   4  2.00     146,160,000  0.14
    75%   8  2.00      95,300,000  0.09
    75%  16  2.07      49,390,000  0.05
   100%   1  2.00   1,045,870,000  1.02
   100%   2  2.00      49,020,000  0.05
   100%   4  2.00     141,670,000  0.14
   100%   8  2.00      80,760,000  0.08
   100%  16  2.01      38,600,000  0.04

sharing/nt/rt/ops/incs
0/1/2001/1021970000/1021970000
0/2/2001/23530000/23530000
0/4/2003/146030000/146030000
0/8/2004/105140000/105140000
0/16/2068/41440000/41440000
25/1/2001/1273950000/1273950000
25/2/2002/33050000/33050000
25/4/2002/138820000/138820000
25/8/2007/95840000/95840000
25/16/2037/48250000/48250000
50/1/2001/1474270000/1474270000
50/2/2001/52300000/52300000
50/4/2002/140270000/140270000
50/8/2003/98510000/98510000
50/16/2032/49180000/49180000
75/1/2001/1270110000/1270110000
75/2/2001/29440000/29440000
75/4/2002/146160000/146160000
75/8/2005/95300000/95300000
75/16/2071/49390000/49390000
100/1/2001/1045870000/1045870000
100/2/2001/49020000/49020000
100/4/2002/141670000/141670000
100/8/2003/80760000/80760000
100/16/2008/38600000/38600000