sharing  nt    rt             ops   rel
-------  --    --             ---   ---
     0%   1  2.00   1,067,890,000  1.00
     0%   2  2.00   1,088,040,000  1.02
     0%   4  2.00     992,720,000  0.93
     0%   8  2.00     725,720,000  0.68
     0%  16  2.23     363,830,000  0.34
    25%   1  2.00   1,366,290,000  1.28
    25%   2  2.00   1,316,100,000  1.23
    25%   4  2.00   1,141,270,000  1.07
    25%   8  2.00     767,920,000  0.72
    25%  16  2.13     389,480,000  0.36
    50%   1  2.00   1,559,770,000  1.46
    50%   2  2.00   1,468,810,000  1.38
    50%   4  2.00   1,407,590,000  1.32
    50%   8  2.00     845,640,000  0.79
    50%  16  2.10     483,560,000  0.45
    75%   1  2.00   1,360,030,000  1.27
    75%   2  2.00   1,319,940,000  1.24
    75%   4  2.00   1,223,650,000  1.15
    75%   8  2.00     773,100,000  0.72
    75%  16  2.13     366,680,000  0.34
   100%   1  2.00   1,142,890,000  1.07
   100%   2  2.00   1,101,180,000  1.03
   100%   4  2.00     980,910,000  0.92
   100%   8  2.00     746,570,000  0.70
   100%  16  2.10     493,510,000  0.46

sharing/nt/rt/ops/incs
0/1/2001/1067890000/1067890000
0/2/2001/1088040000/1088040000
0/4/2002/992720000/992720000
0/8/2001/725720000/725720000
0/16/2227/363830000/363830000
25/1/2001/1366290000/1366290000
25/2/2002/1316100000/1316100000
25/4/2001/1141270000/1141270000
25/8/2002/767920000/767920000
25/16/2127/389480000/389480000
50/1/2001/1559770000/1559770000
50/2/2001/1468810000/1468810000
50/4/2001/1407590000/1407590000
50/8/2002/845640000/845640000
50/16/2102/483560000/483560000
75/1/2001/1360030000/1360030000
75/2/2001/1319940000/1319940000
75/4/2001/1223650000/1223650000
75/8/2002/773100000/773100000
75/16/2131/366680000/366680000
100/1/2001/1142890000/1142890000
100/2/2001/1101180000/1101180000
100/4/2001/980910000/980910000
100/8/2001/746570000/746570000
100/16/2098/493510000/493510000