sharing  nt    rt             ops   rel
-------  --    --             ---   ---
     0%   1  2.00     984,030,000  1.00
     0%   2  2.00     961,170,000  0.98
     0%   4  2.00     928,460,000  0.94
     0%   8  2.00     732,770,000  0.74
     0%  16  2.15     375,440,000  0.38
    25%   1  2.00   1,256,890,000  1.28
    25%   2  2.00   1,227,090,000  1.25
    25%   4  2.00   1,099,580,000  1.12
    25%   8  2.00     780,040,000  0.79
    25%  16  2.12     550,290,000  0.56
    50%   1  2.00   1,389,600,000  1.41
    50%   2  2.00   1,323,290,000  1.34
    50%   4  2.00   1,169,780,000  1.19
    50%   8  2.00     843,680,000  0.86
    50%  16  2.10     399,130,000  0.41
    75%   1  2.00   1,131,780,000  1.15
    75%   2  2.00   1,108,470,000  1.13
    75%   4  2.00     999,590,000  1.02
    75%   8  2.00     778,370,000  0.79
    75%  16  2.12     407,880,000  0.41
   100%   1  2.00   1,047,400,000  1.06
   100%   2  2.00   1,034,980,000  1.05
   100%   4  2.00     990,900,000  1.01
   100%   8  2.00     750,470,000  0.76
   100%  16  2.06     374,770,000  0.38

sharing/nt/rt/ops/incs
0/1/2001/984030000/984030000
0/2/2001/961170000/961170000
0/4/2002/928460000/928460000
0/8/2002/732770000/732770000
0/16/2150/375440000/375440000
25/1/2001/1256890000/1256890000
25/2/2001/1227090000/1227090000
25/4/2001/1099580000/1099580000
25/8/2003/780040000/780040000
25/16/2117/550290000/550290000
50/1/2001/1389600000/1389600000
50/2/2001/1323290000/1323290000
50/4/2001/1169780000/1169780000
50/8/2002/843680000/843680000
50/16/2101/399130000/399130000
75/1/2001/1131780000/1131780000
75/2/2001/1108470000/1108470000
75/4/2001/999590000/999590000
75/8/2001/778370000/778370000
75/16/2115/407880000/407880000
100/1/2001/1047400000/1047400000
100/2/2001/1034980000/1034980000
100/4/2001/990900000/990900000
100/8/2002/750470000/750470000
100/16/2056/374770000/374770000