sharing  nt    rt             ops   rel
-------  --    --             ---   ---
     0%   1  2.00     872,320,000  1.00
     0%   2  2.00     870,860,000  1.00
     0%   4  2.00     897,330,000  1.03
     0%   8  2.00     971,420,000  1.11
     0%  16  2.05     837,210,000  0.96
    25%   1  2.00   1,167,880,000  1.34
    25%   2  2.00   1,028,420,000  1.18
    25%   4  2.00     969,780,000  1.11
    25%   8  2.00   1,057,140,000  1.21
    25%  16  2.00     572,710,000  0.66
    50%   1  2.00   1,305,190,000  1.50
    50%   2  2.00   1,160,000,000  1.33
    50%   4  2.00   1,223,570,000  1.40
    50%   8  2.00   1,251,230,000  1.43
    50%  16  2.19     623,970,000  0.72
    75%   1  2.00   1,215,430,000  1.39
    75%   2  2.00   1,009,010,000  1.16
    75%   4  2.00   1,041,970,000  1.19
    75%   8  2.00   1,072,150,000  1.23
    75%  16  2.07     581,620,000  0.67
   100%   1  2.00   1,013,210,000  1.16
   100%   2  2.00     945,570,000  1.08
   100%   4  2.00     947,460,000  1.09
   100%   8  2.00     972,390,000  1.11
   100%  16  2.02     477,110,000  0.55

sharing/nt/rt/ops/incs
0/1/2001/872320000/872320000
0/2/2001/870860000/870860000
0/4/2002/897330000/897330000
0/8/2003/971420000/971420000
0/16/2053/837210000/837210000
25/1/2001/1167880000/1167880000
25/2/2001/1028420000/1028420000
25/4/2001/969780000/969780000
25/8/2002/1057140000/1057140000
25/16/2005/572710000/572710000
50/1/2001/1305190000/1305190000
50/2/2001/1160000000/1160000000
50/4/2001/1223570000/1223570000
50/8/2004/1251230000/1251230000
50/16/2191/623970000/623970000
75/1/2001/1215430000/1215430000
75/2/2001/1009010000/1009010000
75/4/2001/1041970000/1041970000
75/8/2002/1072150000/1072150000
75/16/2067/581620000/581620000
100/1/2001/1013210000/1013210000
100/2/2001/945570000/945570000
100/4/2001/947460000/947460000
100/8/2005/972390000/972390000
100/16/2021/477110000/477110000