sharing  nt    rt             ops   rel
-------  --    --             ---   ---
     0%   1  2.00     989,700,000  1.00
     0%   2  2.00     926,920,000  0.94
     0%   4  2.00     949,030,000  0.96
     0%   8  2.00     948,420,000  0.96
     0%  16  2.07     475,970,000  0.48
    25%   1  2.00   1,277,750,000  1.29
    25%   2  2.00   1,034,610,000  1.05
    25%   4  2.00   1,023,050,000  1.03
    25%   8  2.00   1,066,500,000  1.08
    25%  16  2.01     522,870,000  0.53
    50%   1  2.00   1,416,380,000  1.43
    50%   2  2.00   1,169,470,000  1.18
    50%   4  2.00   1,201,600,000  1.21
    50%   8  2.00   1,244,190,000  1.26
    50%  16  2.07     611,030,000  0.62
    75%   1  2.00   1,188,820,000  1.20
    75%   2  2.00     966,500,000  0.98
    75%   4  2.00     942,420,000  0.95
    75%   8  2.00   1,041,280,000  1.05
    75%  16  2.00     516,960,000  0.52
   100%   1  2.00     907,550,000  0.92
   100%   2  2.00     853,150,000  0.86
   100%   4  2.00     774,790,000  0.78
   100%   8  2.00     876,630,000  0.89
   100%  16  2.14     512,780,000  0.52

sharing/nt/rt/ops/incs
0/1/2001/989700000/989700000
0/2/2001/926920000/926920000
0/4/2001/949030000/949030000
0/8/2002/948420000/948420000
0/16/2068/475970000/475970000
25/1/2001/1277750000/1277750000
25/2/2001/1034610000/1034610000
25/4/2001/1023050000/1023050000
25/8/2002/1066500000/1066500000
25/16/2006/522870000/522870000
50/1/2001/1416380000/1416380000
50/2/2001/1169470000/1169470000
50/4/2002/1201600000/1201600000
50/8/2002/1244190000/1244190000
50/16/2070/611030000/611030000
75/1/2001/1188820000/1188820000
75/2/2001/966500000/966500000
75/4/2001/942420000/942420000
75/8/2003/1041280000/1041280000
75/16/2005/516960000/516960000
100/1/2001/907550000/907550000
100/2/2001/853150000/853150000
100/4/2001/774790000/774790000
100/8/2002/876630000/876630000
100/16/2140/512780000/512780000